28448
93587
47865
8932
92468
85207
59257
21664
61129
70790
25933
79215
75751
60139
24737
79552
36332
60885
85326
12330
17350
21128
51414
87893
60248
40771
41798
82724
8094
40490
75895
82054
66071
18957
28276
31187
40918
22168
64431
84260
71331
91570
23252
82492
39013
20139
23196
19895
9610
57377
72739
5594
91513
16670
57434
66316
56050
4815
90967
69318
75511
41163
49462
16228
53034
78252
4486
64320
41905
47294
95331
36079
10116
44700
71090
97088
64246
72227
5750
10133
64733
13117
8064
68787
40397
86425
68975
37375
71406
36093
38415
61070
59993
86764
41346
92772
86720
54508
74222
99311
37343
43041
56904
89284
31296
75951
64550
69426
93890
73719
95441
90485
81259
45127
92012
84651
65757
33792
4783
3136
53587
28910
77180
14036
73852
51269
85370
37599
85717
4399
2240
87595
1790
21631
71652
57626
1293
53455
10417
98115
97281
14520
93258
23932
91959
18622
89893
13816
85685
42048
59595
95244
12834
74020
69552
87630
76876
13952
33382
11247
33538
5248
35408
53311
51217
2285
22621
39185
59857
20883
60081
65036
90878
88659
77026
44597
40252
3587
93932
6618
54145
65686
64318
67905
89054
27935
41777
95712
29614
12452
86635
88205
4412
7858
38663
68874
60440
6972
54298
17219
78256
6845
93291
93130
69780
5900
6029
77578
76505
50128
64249
2313
47431
49576
39702
77594
45671
51345
61589
39612
24942
76953
35424
55296
49729
58079
12587
89523
68885
40603
13983
61307
51282
36482
76597
11476
26703
26221
72370
60923
18997
43481
64402
27227
17767
96937
68013
62834
74603
4393
88834
97020
14556
14818
29918
36342
94929
62114
8871
22203
26297
80121
2121
31192
34805
88769
81448
77502
31445
65558
72473
14112
48052
95550
94036
32819
41745
88434
85731
49524
30587
46760
45490
4651
77769
45903
24438
31611
54321
74775
80189
88511
96129
61896
19785
73736
78945
45095
9661
45543
18088
80919
57205
29889
51923
52569
43681
54393
28155
88570
7320
84922
74520
77306
11730
68508
42118
25035
84233
61419
59831
90375
42226
52906
49768
67658
61139
10310
10204
98512
45185
15004
28771
16569
73095
43727
74965
25944
97739
83918
52271
70463
13677
79796
50087
99050
2392
34524
24905
41916
31254
45445
55090
33355
12228
37966
93553
86215
79599
58079
76586
76662
16221
55379
89274
91769
95944
57372
13522
78172
87000
28090
65161
47839
74232
11736
50354
60572
23679
71868
92385
85190
78445
3168
55489
79046
4345
22695
7839
40159
10428
12043
22474
85830
38137
17774
34705
30598
30214
28118
44610
33635
49135
56964
95018
61481
15504
96093
77887
67387
47957
12814
69381
9799
3632
49840
28903
98482
6046
52688
70224
90454
58922
60223
37804
99042
92456
28761
12172
84843
40832
23577
44736
14425
91315
20467
45694
10104
75147
81654
10820
92479
26761
42269
97994
53163
4976
30269
64697
8902
20947
8076
61042
86753
20657
90626
39422
49799
83341
38919
43157
60850
51085
92496
6593
56709
79648
15836
27059
18738
29929
96001
96790
70266
85816
88013
44951
78340
74827
74009
71840
73750
72545
76353
31254
63438
37245
98017
42684
32464
37653
44571
98018
23202
15604
98877
2922
22605
81834
75652
51040
6688
54253
28223
15928
96658
51976
19992
65774
35647
9809
62877
96280
63453
40694
89862
59730
20046
25853
26960
78784
63900
99438
86086
30347
41957
2222
34138
88561
94207
21760
20375
18161
94472
34524
48625
95284
26210
86240
61040
30139
12136
61389
65644
64077
73197
92969
46694
75888
98876
80314
89161
70733
40505
49068
73200
71655
81943
70590
57169
80343
50684
61716
2492
73102
8010
24486
8961
56478
35045
90016
42871
62315
5286
83104
24197
55030
37502
28422
89755
52749
26480
36305
1587
24648
63578
78967
34852
90067
76987
9491
80968
85457
47391
49283
28435
81289
66899
10129
45646
25868
81404
99135
72748
92523
68572
61024
94265
68363
72007
97483
92881
1223
19241
84408
66240
79698
86191
32025
41533
66853
4449
47894
11402
51648
62991
69655
37986
79541
59099
87654
71588
1328
55504
55788
38136
34923
45271
29645
23133
73958
47362
89578
55772
36631
95351
21172
36133
18832
41093
98816
28471
71384
62585
92014
5972
77765
29386
36088
43201
99229
36904
67173
50649
81671
65186
4416
68343
16351
34103
29371
61002
94134
71308
15929
6945
37213
56469
27645
73603
42960
25557
77773
73853
59234
24212
58937
74773
16229
42058
39724
22870
55779
8387
60417
36288
30138
76711
26248
65455
48421
6230
64234
92874
62951
25369
98257
60091
90438
58765
98790
90286
62363
39099
1566
39873
47477
45923
99326
20677
26961
4679
61677
30872
18656
86561
53538
60360
74376
21911
21158
84887
87956
22250
3609
83326
81965
22518
82523
17047
85780
29396
87138
35923
35486
4015
3968
74241
17993
69937
27681
86706
32272
5963
11723
63699
70769
44272
30385
24149
68638
78724
81108
84636
1572
98707
47862
81720
15582
13153
43229
35505
13766
73579
76675
49385
31888
62144
90441
66041
17180
39003
43996
35233
1041
43414
52318
38881
18560
45845
63196
53152
64316
69689
80020
24382
89954
19454
65618
91443
94748
66084
63522
30368
32360
99233
2938
72477
85695
29318
46728
24810
34445
47017
75617
2078
15787
54050
74527
60371
22598
42151
65493
84684
79564
86115
27266
87608
43500
97537
87367
87644
24024
19001
23632
91198
40057
69373
70164
45650
44998
50295
69679
60176
18894
49279
15522
93392
42047
24746
7546
13431
91472
23562
67633
18017
3481
10600
7373
17651
35577
26182
81043
6248
8048
19383
22860
51710
78648
73194
22202
14564
53394
91952
71277
86602
6845
53059
17921
19218
3615
19954
98892
44407
74146
32735
88332
10987
65211
55704
33340
64150
45678
60079
51918
1480
2100
67832
61198
94512
92417
67920
72697
18101
17410
88904
36493
98448
65646
31422
6548
31625
71107
77131
70379
58352
17997
95516
58626
86994
8112
63947
76833
75782
85358
39553
64067
50049
32538
57551
13768
83140
55748
66033
89523
88884
10583
12562
21577
40443
14104
60511
24547
29188
91062
85406
70680
7762
37152
3321
95754
12396
3239
6059
5826
58838
87362
96766
22325
50687
89011
23263
28639
56729
48842
36765
58671
89062
10123
67620
47322
67589
88697
37285
45798
99047
76717
35259
47185
40051
80553
25793
80675
87043
91007
47231
11312
11937
46472
20776
19590
88828
72342
64072
82351
64924
17235
90075
75326
19460
65979
3411
35786
2733
57687
21047
21787
71206
64589
35382
2082
14425
31830
74603
95632
78289
78515
24361
30952
88575
80066
35623
69237
23372
39655
95772
81450
39074
77272
79833
76523
13423
27450
6700
56579
59501
23077
34011
30970
10749
27853
50969
36486
94496
85907
91902
83168
89799
3361
85612
27875
75119
85497
50868
31000
7095
58629
61544
40153
13504
27752
55516
11228
80641
80641
11457
34976
23205
25940
35590
97722
78988
54205
47818
49133
29957
8192
97014
55587
50727
43791
88395
46430
17877
30724
20493
61168
25796
39449
68630
65598
72412
29193
17736
53834
71504
90939
95024
13950
94215
52000
3528
37122
93749
21328
88962
95948
42761
95260
98978
26765
38852
53499
2953
11553
96717
72251
40021
23556
74286
1166
52228
34277
28956
66724
37742
42058
38600
31571
48386
77965
91265
60214
17781
48977
3892
88604
67610
49981
10519
37908
44419
6194
66772
63833
20990
99593
31595
91342
56723
87640
84214
59804
60123
42854
89517
23839
87619
42347
40565
97282
77549
12000
77750
66373
68527
71058
1157
93792
48780
3893
39295
99851
96667
97154
99801
97324
6806
96898
93834
90085
58036
64783
73173
62523
23754
20106
66215
62125
54859
18473
71954
30468
88369
42102
9325
9286
38916
67609
46429
97405
61315
54756
40354
84264
66172
18055
2110
51090
52757
5658
28377
56848
85204
5675
61155
83941
1363
22062
43492
52302
25480
76363
65038
18256
9956
59473
82048
71615
65672
91746
95190
71490
45668
44839
70146
95632
78911
16676
38540
73319
69788
57984
90676
68232
20569
16117
11205
38660
68908
94035
9892
63961
94518
76490
63679
33258
43273
71769
68638
21611
51583
69013
2436
85173
50808
64728
95620
78846
9847
88560
73518
8620
6013
38241
77964
97476
7549
66904
39233
89845
57041
5483
93718
44300
97986
28638
61302
47930
72470
57485
13955
29271
32094
34067
7265
69340
94649
56990
22588
43133
16903
87105
29680
62927
27788
74875
22395
80144
73033
62515
33808
48506
53837
47048
19404
60685
72741
40826
86274
61183
8861
22862
26531
85359
95804
77773
56322
81150
17296
12761
56572
93186
8386
74091
36815
47701
9832
22234
74046
48585
27738
71547
66511
76450
97934
93872
19512
64025
23821
54882
64615
8304
78469
26456
93988
48528
21452
60965
57723
4159
64014
25311
69413
6837
81562
51940
76354
10828
35048
26271
85379
22251
35357
92009
52202
76235
43473
97287
64561
52498
50328
39511
22612
79174
50224
28670
7455
50216
74514
46112
26156
31390
89207
84878
98571
14294
41867
40231
44364
50177
93390
72145
10836
40693
82955
54978
8435
8796
43878
99767
38142
4800
42574
65651
79147
14741
74625
44318
90954
91042
28408
5569
45271
18927
61948
81361
38182
98452
90845
62872
7779
38895
33281
64157
48623
44852
51801
30585
98993
14888
51468
33556
63572
94331
95130
40676
57858
87186
28105
35464
4741
41662
70507
40655
11270
57945
93443
23729
35828
87102
34568
38299
98130
96561
21812
62476
69048
96057
8771
83957
97034
3918
84619
83131
26956
15668
23985
10656
22461
77312
48112
18274
25439
88775
26992
32088
15243
45799
8474
3701
20505
96536
39486
22869
36591
59356
37036
69584
58687
97777
85472
78070
60615
28115
97978
85260
33161
97088
23874
70046
67629
99410
15343
91124
97800
25596
68227
41585
50763
78801
80188
31692
12291
91762
6202
36607
6451
12728
96112
85491
71427
97515
88395
38667
37050
3080
5190
7494
24189
94785
25034
33573
18516
34528
11048
63637
43636
24413
81319
4444
89780
91082
83687
25480
14204
12771
35798
37952
2240
99067
94984
28041
90146
76321
97613
70152
83568
76622
11764
4581
26672
5752
80105
92898
17046
96096
98576
43035
21819
83451
30093
38560
88596
96403
61970
43665
20199
47402
47430
32659
62808
62086
73471
85107
66319
15397
30004
30245
25350
44723
21414
1631
23443
56090
10503
11179
33218
69110
14829
56076
57933
14115
83065
28742
24516
50571
3726
31808
71106
92986
48977
48170
94794
70314
70350
24357
36286
49049
97919
58389
95391
77480
50235
41259
56030
64467
70137
82903
94530
16019
31774
21991
22368
7683
8516
21830
7719
3211
10749
26699
62949
41805
79283
37847
93985
27930
83126
73991
55973
96312
78147
10106
32391
18331
80920
50887
26348
89562
46593
48054
60353
4313
59594
27458
10093
36680
99206
4444
40358
42996
11686
18699
88482
52034
64775
9517
31393
71199
94870
44292
62812
26783
73580
42643
97923
87423
98225
99862
61588
52434
36189
82682
69625
69989
4243
23589
60318
27080
54234
12508
4078
9154
74579
3773
70896
12874
39508
22404
85158
55984
62693
64905
5760
37740
98672
2722
91205
73115
71252
80522
59700
57934
82024
63474
51188
69519
4663
75351
47063
91933
1807
33661
55444
64015
53518
1459
47054
87549
5852
34764
99057
96718
81865
34848
43775
68089
36053
50510
90112
25369
34752
92383
64210
60153
26310
83731
23620
93914
98087
37704
62873
64705
27183
49395
19766
7963
5225
55192
57871
77079
71166
50344
70796
55041
23164
37029
6586
67063
38672
25069
26084
37779
35289
85974
46571
58700
35406
20996
26491
59546
30197
97570
66164
30279
84680
27716
81354
78277
68256
56569
36255
21546
99259
6899
86558
50921
62821
6638
35827
37576
68020
52182
65973
10686
35589
35027
16354
37236
29878
49123
47817
35877
84773
31828
43161
7065
60416
16758
49597
82170
93612
15118
93678
46521
56006
46025
89069
87569
46883
97297
86837
64353
77086
69783
10199
53629
18401
41180
39044
75803
11210
92770
17925
69001
75266
19122
40046
54107
10729
68443
69480
82523
42828
27187
45532
23295
20719
2036
15565
87922
50710
23322
88972
93171
70843
67985
32978
67829
88801
55146
28785
41952
36650
63401
34382
85260
81084
9185
79317
51315
62239
18029
78992
12466
73997
46379
53088
39182
23750
11007
48134
12627
55523
48759
45326
85200
93115
36015
58631
40400
90979
50293
26677
64531
75625
3358
69246
10466
1908
67502
26773
93205
10352
40667
51644
89959
71996
29038
59151
39847
23306
40408
48335
70210
17850
74604
49749
25219
28642
68016
21487
28338
90238
8188
57161
49473
9500
45562
31306
8412
88716
61267
1487
98898
50134
28298
60689
82068
32570
20873
41165
92617
57686
71313
60272
74111
56106
56029
55963
96523
6801
85158
78958
58613
6487
29535
89814
54378
42782
82276
41195
85884
97063
71337
67077
48450
98553
97915
61530
31899
19880
55943
42303
59178
48756
64262
60444
33675
84830
18367
37022
90335
23022
22932
65302
29133
30376
37714
22833
95360
66521
49579
5643
68761
71032
53402
57208
33083
37792
23817
12699
27841
56993
5442
85402
35723
75816
29703
11269
96090
96256
96990
95101
16165
2347
92013
32612
87664
29159
57806
24693
27151
17809
46603
13430
27550
10152
39180
90322
37674
55312
43341
68941
7299
1099
12629
93651
2618
92095
79616
40815
73920
36905
46068
42836
88920
94044
27462
73568
87779
57395
92978
33004
87645
8636
73462
14654
6527
73359
14535
51934
38483
72482
99126
56137
76740
73832
43897
3795
87916
21853
34323
67848
30253
76311
11183
24017
40185
19200
75298
85280
47290
67404
73709
35762
78964
29211
73763
56430
51119
27344
8393
62060
64082
35087
46635
13540
66477
35875
11061
27473
12251
28361
54680
35344
84509
76593
66323
79041
78394
83047
36058
35715
11568
52248
8624
86918
81755
52000
32160
76098
51443
19738
53652
89718
29495
57654
67830
34001
44422
64961
34176
56110
33142
5482
62310
81244
9503
69073
69218
99597
8068
58654
50693
82495
88569
52735
93651
75266
78860
57014
41363
49112
5235
44113
62441
26899
73837
55594
86609
13187
84801
76042
48836
88652
76484
62931
5264
42487
89318
50061
92444
43003
89513
92862
16126
2071
86239
29837
16966
46614
35718
51159
80984
19591
79709
87955
32974
50981
61082
70985
33213
96227
38278
6278
93433
84754
82550
51690
52205
24751
72844
20960
92294
76778
49612
80733
43771
93818
38456
86991
80382
89668
96941
31042
97827
66520
70697
74780
60136
54938
86085
63807
13473
45326
99340
43822
71752
64056
14947
31054
9106
28601
53433
89445
4540
42945
64208
83712
88712
37492
57849
38800
59496
1848
22295
1432
93632
51386
30211
81713
68010
53815
77676
43139
91786
21958
13851
58395
57975
57642
59889
98403
39810
28893
74435
3453
30805
25330
76208
32396
56219
24935
22695
21989
86387
51888
66227
88244
11274
4598
21311
53993
2190
11788
27154
39651
20422
53909
84754
30564
73556
12110
93613
49416
80332
79772
30164
46191
66494
13420
28678
60525
28163
5352
55617
86320
56538
74025
41943
94277
64393
3847
10576
41484
8863
80614
90888
56205
68773
83289
90087
49068
33054
23817
79640
27815
45758
93988
92307
63812
44215
99978
93617
86084
47376
57051
97364
45045
40904
64491
34572
55334
73448
42223
45588
61212
62857
94095
88327
48790
67075
11460
82241
35120
75334
60366
14602
48632
44841
36528
20079
56361
17958
96711
21536
75706
17630
88477
92518
75020
86857
60606
85038
59627
14685
60856
55232
76869
21037
28254
60510
70102
7811
86115
31940
20371
14269
98760
34125
60273
69885
27344
22329
16528
62789
20605
30098
60749
20220
19416
81238
58162
13594
72825
5964
49665
10766
78218
83506
50415
80986
21079
34282
93344
72580
27813
17397
96844
66545
49406
11628
25172
38005
4054
76882
35655
44651
10543
20933
14129
92348
80303
46095
44204
65332
86782
64913
72993
84747
9570
99377
24175
35587
41714
75412
94409
56569
42086
66674
63241
79908
17307
92249
74458
51165
43780
40660
82870
41476
92178
28951
37562
15044
6256
19287
93083
34615
42499
56254
34896
16259
26472
15641
46129
39272
33489
80195
76266
84829
20098
22113
83005
66263
43790
44825
82453
22592
73713
20404
92140
49829
30287
76939
41022
9458
24613
96898
53362
34225
34752
51035
53151
8346
99845
91149
97922
12424
20137
94659
61329
8913
36693
45140
23089
18060
31556
86573
4161
16923
78361
40450
78470
30691
44748
14246
25746
69250
82098
92731
94352
57734
88855
79428
6810
81739
29164
58219
28864
52857
69979
55133
40758
17562
93319
63100
20804
58411
65228
33899
66503
43936
43777
94635
44875
94835
63275
99318
12166
89597
3849
74025
13689
6677
89348
54627
22665
87480
65365
77938
49626
45049
55714
61721
95843
87398
83696
31804
36296
43618
73121
53449
25648
55978
3956
80459
66972
33042
58848
37165
11918
92725
98671
24663
53567
12955
64393
39745
78250
56408
44619
48066
90642
86938
59513
51863
59233
70363
79061
48987
86443
74261
90636
99458
35334
1137
59546
4119
51779
47920
63117
39136
93639
54232
26898
60884
74430
62955
97388
33644
38489
87997
86756
68732
60374
47182
51273
12968
75726
41776
99205
69806
16380
18659
56099
13202
44088
79778
57455
48104
65031
57447
41599
61175
50697
80231
83003
2418
8859
57815
65134
96590
43763
86786
75798
53748
31884
97256
91724
55505
94399
25474
70672
44030
60117
62072
14200
12561
31715
80544
95990
73581
44387
67952
91149
58368
80531
88728
74992
85985
7760
34356
31737
12318
69511
77649
2516
55217
69736
70799
31681
7623
96045
38224
97673
94304
60955
33147
41813
32285
61458
69408
39510
59790
2545
98145
70700
2409
55728
17748
30741
61405
58195
20512
32083
34733
21274
60260
89830
21875
6103
11995
90540
99220
12242
24265
55382
67190
62993
11587
81958
8232
60624
78094
34039
31397
67790
24358
54685
78316
62833
18080
20158
10693
50739
82402
96724
52912
94425
24428
14339
3382
50761
41031
13269
6333
5670
92701
6727
55458
19451
77875
21350
32206
36155
88956
94251
19301
95202
58710
63448
71970
19590
71222
12850
92303
1387
21361
54949
24637
54749
40847
5390
60364
47123
78119
83557
51168
92666
74026
61498
64877
39578
17170
79257
81434
55624
53581
72506
52499
87273
56706
4601
65018
40591
66801
56621
14177
97849
67078
85622
89210
51089
26007
33813
33905
61467
5183
73032
37579
69104
50098
10342
7785
45431
64002
9799
24016
46009
96532
92221
46366
44312
92400
96783
98331
80500
80546
16889
85772
48775
61449
67832
48262
7377
75131
98300
2202
93017
47962
55798
58862
10586
82707
6239
50472
4432
94260
93942
10894
15096
18390
15639
4654
52188
38711
78754
23925
97299
5662
46959
24986
86054
1338
97987
17020
61048
14257
10047
10148
58807
80452
95197
32120
59160
96466
81385
14426
17105
12412
72026
48248
55022
49919
48630
91820
39145
90867
60202
94643
62676
91952
53716
49515
92467
12704
91097
16128
82418
41453
81777
71032
86875
41581
88598
32046
5697
18496
47117
26616
1856
56891
39243
36151
81532
8629
28985
14316
35424
50006
99294
11909
60571
89838
86057
33502
99526
41483
2987
8656
56401
79218
55831
95591
94498
90054
76826
75943
68592
29581
47733
13197
23261
32634
81196
79308
58451
40726
31291
80708
61557
50275
82639
17748
98427
2967
76292
70993
43280
64249
97710
62928
48547
68031
41548
82719
89251
38692
34136
20699
15068
64126
41842
59277
27185
20762
20850
16886
23904
16351
77931
73872
50312
74829
9593
13492
53346
88374
91457
14599
82783
93069
66998
20681
88606
44017
75628
75196
99214
17588
75696
30633
88472
41932
88274
5730
99409
60233
96333
80984
70691
76947
7501
36161
7375
41207
99583
79173
99563
92468
38364
58788
47318
75243
21593
43146
82435
91665
94170
62762
42851
77498
51509
58619
26419
12734
66797
69846
85079
36995
22639
50418
58210
77651
39222
83238
49566
2675
95903
83604
26681
55085
87112
29913
21533
88459
91125
43562
87801
91476
84185
12239
69953
25565
11395
68878
42934
41549
39984
78324
8610
45636
28178
53169
45381
50555
30320
11349
68446
62397
5190
79042
27069
97236
34206
80285
42664
54720
24785
33417
5674
28968
6013
22809
13325
46224
68308
77501
94159
33295
80354
44000
90462
48106
87567
24774
33017
47390
45532
73719
33368
62450
75405
44860
39469
68637
47082
48101
54221
43738
43576
46367
98452
10003
23014
33387
19223
18858
40305
31571
58088
72497
10879
78660
62922
31542
93913
64160
50591
98524
47042
37421
64282
83348
32607
85152
11792
64898
9777
5400
45994
2143
64879
22194
23066
60928
49762
7622
75589
92085
15832
96880
74339
17496
49292
79559
70281
58004
80478
39987
39182
12700
25310
39756
57207
71632
42467
70069
9475
6559
76081
2566
44914
85566
73196
83489
98813
86791
69973
59807
47496
93595
94058
76497
33565
68580
12275
87505
33825
60346
38155
1250
54140
97633
34682
98028
86707
91235
19983
21934
50319
75787
17766
99750
4071
26218
71269
33584
23953
97573
7243
65177
12946
26179
52078
72268
29834
93196
30103
34432
81676
25955
97505
64576
74503
37121
73022
8782
66046
92287
41827
94787
94469
12244
25430
1075
1851
45527
53928
9514
36340
31780
29753
14959
18965
99867
57570
63786
70078
7555
80418
8920
70470
32734
83362
2399
82566
19092
17229
60476
85701
71988
75336
78505
48725
44633
23008
24631
77252
32276
11563
71236
55896
55607
79838
23391
10645
89936
29657
60025
43781
92322
65272
56434
90989
32064
97827
5543
68460
94524
6539
31536
25687
49260
85297
64174
76024
89966
26124
47231
17614
44894
33704
1687
62037
24400
62492
92566
47810
14571
89936
67613
10739
7889
15819
26913
41793
44450
42982
16565
7358
1190
36448
5838
73125
58499
72511
2038
18377
95072
74865
95864
83772
29963
84214
78924
42880
7459
48639
74956
95056
71047
47410
67321
58750
14441
8460
59402
6746
22700
50831
5657
88887
28287
12697
63828
57857
5462
77360
71977
46109
71210
67523
66398
2961
18698
19796
65320
90670
13076
77699
61835
49049
68736
33282
60326
30553
5214
6329
94352
91596
39865
24288
70794
42761
37441
74951
7248
11717
52887
41919
14432
3693
68547
50221
69603
97233
93564
85738
21159
32651
25891
12198
50031
94360
75292
31960
40662
36933
65776
96298
96557
97188
34689
71738
24130
48395
56031
48801
75666
61862
89501
15323
69598
74542
17578
63575
49443
71762
99025
92993
13330
54777
7277
29030
7161
17456
53350
18359
5772
83930
57080
28804
12770
76807
79728
16048
69351
96248
82889
94552
52150
66676
48771
81698
66524
29581
40016
76253
82795
13048
94688
61679
72456
44292
93839
96722
96125
93184
52837
70432
29202
19021
37159
27502
76395
72920
3692
2396
46487
33882
74104
16803
82024
93326
88739
27176
36356
57803
48181
98256
87887
17784
4742
59772
17209
18910
92470
89964
15474
3404
13956
96395
58575
21299
99470
49144
95097
56905
91551
64717
57067
98510
98942
28756
63653
24494
63593
59636
64646
62533
43758
25533
2019
94557
91150
76195
45896
1962
40558
20015
87477
31454
46886
22326
16961
71092
56068
41703
18885
55366
52433
46696
32872
16137
77790
63797
39863
66179
93558
13669
75554
83541
14395
98527
42475
62076
66527
38198
25393
12625
31365
85500
76902
19927
12192
67097
74683
33391
26482
95454
98712
43506
43666
99749
27556
24767
66892
92785
93821
34408
46168
64916
91995
27683
29976
30424
95376
35880
92365
14277
25888
7239
22228
10170
40335
49228
26410
45975
12404
55089
47688
67036
24177
32882
46050
76501
55620
4114
5392
78434
16599
79247
7756
98674
90188
57102
68954
66601
57339
85747
16506
52195
34739
55216
10821
88244
29918
70959
50056
67424
61621
10050
19939
47524
60721
35483
4378
75305
14517
6064
35979
34313
34159
99600
64354
46251
96101
83725
30563
51987
2471
56728
26025
91596
55403
30901
66191
42016
7501
6144
56318
72645
30012
76656
73250
57828
2488
28283
65907
64016
77203
94822
29770
92667
78903
54512
40874
19179
97558
27706
45896
91144
40770
7345
36393
6371
38400
98366
34871
68635
38354
28432
58329
52195
39439
92622
75260
80136
71794
93805
36232
31306
42366
55771
57278
78852
80677
60498
60162
42076
26099
92186
84039
80799
57937
85167
41871
69509
18722
3834
26120
46148
87891
60330
22547
56612
26668
19244
35168
40063
36531
33857
96922
56014
66014
65650
32247
48878
20312
69275
95496
4636
68747
15327
83064
42339
6025
88137
8475
6436
97406
51863
49126
75384
80833
47552
33664
69205
3490
76942
90131
18051
59070
45417
46728
20332
78521
59796
80866
3085
86405
64740
45036
81524
87139
72574
1383
56943
93533
17379
25735
52271
31360
88047
78848
34251
49474
54904
29433
2129
92358
65018
19398
77078
88027
3237
6468
13261
8017
25077
17345
5427
42002
15672
24906
1522
64512
18177
11503
41312
31071
81852
2720
90120
24107
86099
52063
40804
29596
13284
68520
18969
55402
23992
35562
77963
83452
30691
67956
76083
28835
94392
58064
99651
22973
19274
93917
94978
74235
25073
9254
9249
74631
74011
9711
88568
73734
95714
74678
25263
33096
24785
70082
34001
48275
45743
93247
25346
66741
25342
54218
2924
18182
32395
45830
79912
31012
35860
27031
49743
57534
46746
34238
9555
32609
92139
80185
26644
39224
70530
45281
70451
71540
9833
16941
76560
35585
14943
66110
79457
7858
2026
20045
99005
67615
19037
83408
93087
26673
57474
54706
76370
75348
62602
71655
81780
40624
50600
86898
1415
96549
30445
19378
55225
70488
92402
79363
17933
49022
59427
5873
57785
15875
88030
17137
17764
41402
55213
44904
16458
83373
28017
44596
69554
77689
6424
77772
27341
14391
66507
67503
2455
45351
82112
14356
97974
43738
99815
27781
98831
73565
72926
28479
89654
55843
37456
95048
87352
40460
24958
24720
85843
18418
33948
15979
45808
31447
73468
72524
80758
75892
10802
78519
30948
14819
52432
76138
11788
2544
76913
50501
28304
79207
61507
90219
22977
56212
61983
21227
46216
57900
92272
44089
31381
83277
8036
74037
97281
28483
56686
89335
49653
5838
8389
63064
47754
67217
23763
81630
26716
53013
69011
75023
78854
12524
52500
41875
58557
67528
89533
14929
51650
72208
85251
32090
20959
67697
57377
48592
91063
29483
92591
46871
28336
63665
93712
18998
8926
30590
11697
46673
72269
59413
3772
55599
2866
35180
5322
43958
57636
31201
84050
79159
21100
51394
74334
62897
85236
29253
19921
17551
43046
29925
53348
87009
22998
79854
44346
95616
71864
25920
56689
68693
87868
12497
25804
77807
31235
73202
34625
76027
62721
27531
92126
12852
10890
44520
97611
6160
53699
92483
9425
61815
5167
99399
32989
1972
53300
63361
70765
47416
46041
68514
42639
44731
15957
92590
98968
17100
13046
10306
11423
81887
27692
18398
70513
85668
27927
28651
6567
64691
79216
40967
27831
42797
38542
15805
67425
57366
58794
51924
84703
35725
62311
91104
84398
99016
47861
52940
39394
99216
56901
85140
46646
77717
80322
1857
6373
59501
15179
71999
96715
57572
80490
33603
30017
29664
49096
6138
32055
80972
48973
38389
30598
70498
43264
81465
83276
48816
82934
65192
54475
88831
39274
5093
23153
26871
63993
69941
42280
61148
70537
9350
19481
96358
7712
61261
51903
77108
34575
50458
41063
9230
96781
59042
52262
70776
47983
46548
76768
85683
73250
34463
37477
64097
39110
36754
14676
11132
4352
28539
15647
18013
20988
20995
49176
61688
75224
72952
99948
42584
46452
80973
51035
28214
84878
12574
65208
40382
83120
10233
42569
66381
40414
73065
54583
86557
71121
65128
90961
11139
78683
88495
27219
59213
6631
76614
8827
56057
54069
87218
82382
50861
81602
84099
9711
37437
14309
17504
91623
57695
32104
10457
69393
83794
20158
80706
37615
60811
65380
19094
53182
8518
93478
69116
87155
52432
20374
44444
7407
85426
90211
95373
50052
59450
17968
85894
65083
83822
10456
25862
93718
99570
68469
71344
88733
8961
44916
95643
14570
18109
54593
12605
38594
60139
46913
27300
65569
4812
72816
42990
64098
34346
55378
66166
16458
18117
17480
18569
7642
41784
53195
96177
83757
54595
16577
54718
86237
21789
34626
69128
59996
60792
78395
90888
7664
25000
75971
32430
72452
77520
47559
39488
28084
75965
11273
84157
93597
33302
71611
14733
96531
78073
33792
62925
93620
49925
90640
28611
59412
36659
8505
81587
84511
68356
59587
63638
90048
67370
10744
10851
44643
5148
90679
59237
89117
52411
31987
46036
5879
30755
69206
4668
42737
91237
11541
64357
43100
33299
41834
81825
69314
93006
41595
54483
60967
15669
18571
82711
91360
69323
23520
14549
15229
52155
87891
26245
72195
1763
50111
93076
66196
60340
84679
12974
63257
85100
55603
29997
5876
79254
27817
79523
50473
80225
25794
82828
40372
57639
98331
71183
49877
89473
26688
77514
36647
45363
3614
3662
62502
20909
69002
49842
9598
61539
19466
2656
16737
87033
22555
14112
29409
76065
64788
7627
78696
51093
99409
63747
71734
20501
12105
27512
60642
36659
77834
47742
70003
28754
51445
3722
75139
23330
44745
71747
57584
61502
29986
45251
16437
16787
78832
70400
16561
25694
56627
8918
81116
68624
52547
10516
39011
90691
86996
73406
74646
92007
34337
57728
48607
42589
77814
2710
16152
54205
91056
80822
6748
47300
8333
35722
82072
49647
1190
27057
10895
99157
79666
46204
48855
50890
98620
27405
63364
33048
6091
56004
73599
54550
69949
50821
44353
18139
59287
38960
95352
13983
94249
30467
27548
26185
20148
81770
67758
14831
78867
93084
4958
34960
74363
41415
40606
17686
44830
51419
37946
51434
3471
18771
1303
64860
91080
58954
50160
86305
13223
24092
73887
92280
90062
4234
4481
47174
57663
6983
74500
23288
59331
92753
18975
7215
29149
96773
47456
17912
62824
45169
29496
18105
70271
33930
84122
40346
69507
45722
6953
36681
3724
80500
39767
73773
30414
48466
43912
61807
6536
42567
12373
84740
15868
90857
60525
93781
90329
95401
44218
85057
64440
16622
75205
34487
51065
5246
61334
92456
62315
49296
30069
35003
37803
99657
73162
37575
52742
99127
39223
88942
57386
95426
75352
18735
93044
65261
64204
51677
8016
41692
84324
8547
28972
38989
78020
79316
33792
58279
25621
65449
26767
91811
3206
43617
79877
75756
31418
91175
76098
64699
82738
59544
59342
21349
35228
88088
62036
73150
98022
99532
8051
55085
35576
72120
8321
99838
82142
16443
14897
80448
33830
58043
14008
68604
64766
34552
71024
42878
21523
68699
24125
97226
71839
9262
22058
52855
1723
96244
90208
17495
26590
82715
30775
48372
63452
53972
55523
12507
24436
89271
28613
91313
95072
12344
43212
27642
62898
84608
53833
40299
4877
25786
76690
58727
5257
5985
86613
47302
74785
69347
64264
24247
75286
88386
73168
61913
22660
41621
35184
39043
6948
86906
55193
43692
39842
86526
26256
78412
30733
88696
39367
12793
10756
42126
53366
97480
24321
36448
75697
87058
85482
90190
74367
5175
93183
40510
13815
51205
68570
36508
21339
51809
51167
94158
72122
73496
56907
21084
84879
4764
62737
76645
43256
71591
55485
47947
45411
24295
2682
7120
49040
85971
40219
94331
38474
92518
48705
63353
30046
12574
46082
14241
59872
21326
57333
99800
83611
37855
86330
62881
63770
60454
94243
69185
90809
97977
16578
37000
25317
21972
58106
64584
44184
83611
20192
70824
34285
9706
73627
28898
46946
74783
72965
2680
70527
12978
40189
6418
88437
18725
74081
23018
5449
18529
91532
3772
74262
23267
70000
9400
65724
18897
72949
8413
88316
45657
96559
81865
59847
3044
37640
87746
58026
95555
5637
12232
4314
47332
7950
39256
78189
56918
17811
18361
86952
45021
97509
5682
77006
96520
84398
6621
36131
5238
62714
68015
4928
66153
45690
85275
54226
56661
78499
22503
6945
62270
14385
62117
58713
63079
19754
65790
98069
11686
18077
96343
86807
5725
32974
78990
47461
99327
29489
21109
89118
39096
57976
11640
16485
90404
63796
10078
1712
54211
70405
88880
48728
48451
12319
16522
85948
24267
5639
45614
59609
61933
27945
68289
64088
54778
47494
52457
17321
48951
39096
67858
9941
45758
77502
99539
51889
42922
88660
58789
20451
3965
25254
66549
61415
38901
57161
22436
45162
70880
24119
23454
21430
50069
24009
95176
74621
47019
11829
83830
14332
72143
90356
4498
53959
77482
98554
79709
52289
83888
59625
46890
69932
36523
74773
59891
19425
52824
52347
3843
31458
21375
89929
72393
62414
13658
5464
63241
78076
17237
29193
30357
7660
69253
35843
96723
87565
69692
48009
9497
4239
90158
78594
18867
60557
75818
13889
76792
67336
99802
35825
62571
17186
76954
81985
21754
4283
24473
79168
96087
9721
88079
26420
61307
65811
50897
75279
30611
88414
79118
66709
79683
28865
36940
90884
51556
13508
94869
69870
56250
74938
8191
75314
18633
72977
81382
95922
31933
20313
64420
71271
24269
90366
36116
42247
51067
97637
7658
45987
8708
60357
49676
33865
51817
78852
12168
60969
69399
34735
93463
69531
37038
8590
17555
21375
66911
57919
10151
36356
55614
11891
95910
42189
57610
66368
29823
68723
42545
71324
77567
57051
15916
94379
42898
47689
74984
36642
64429
43886
58207
43617
58652
28197
14605
25321
39710
82353
92311
17186
10066
11766
31327
13899
3054
27010
15738
92453
51255
3039
14761
21405
67301
2511
6088
93794
35536
62350
89229
63434
38465
49188
34374
6356
68781
60891
89814
53821
10644
62450
12743
30126
96474
11851
38296
94589
83344
70281
13564
71941
68161
55062
47826
86756
18326
32737
50187
33011
84617
91402
13701
98094
38460
19360
28356
72561
29729
51200
16718
29810
23452
6252
34030
3007
75556
23256
95550
3802
15696
83783
96583
1853
6316
17714
84769
50000
27836
36417
77198
80594
43427
1223
9752
62357
48153
81251
63004
39597
80070
56602
25701
88841
81483
62506
33248
75617
22573
63003
45561
22139
34925
75328
7755
72954
45846
26541
28655
91180
64095
97804
55973
67649
35163
49139
3636
20124
22268
39985
27069
23435
1958
13756
93761
73086
12787
87254
4123
72738
1079
49466
11639
46156
63263
53882
76556
91866
86696
65918
77799
27587
81845
32618
87434
4443
12216
79604
38566
83368
60769
85603
83231
41846
39974
5649
33684
58257
60892
64856
25153
47527
75876
20434
90991
58159
44556
45244
9646
11682
79892
10830
15097
51603
80890
72104
66042
56977
95039
67320
40424
63512
92235
61239
45950
37104
95726
77130
47230
34664
7697
56319
73849
13644
32836
14475
72693
50196
65509
58238
96414
5346
45338
81108
95384
70113
77506
3432
16667
73829
34933
58549
20076
52839
5723
8237
61101
37522
37562
68980
53681
52097
81318
81552
69235
49363
1583
34235
15056
63896
45526
70183
78911
80387
25587
18063
67444
80707
12768
48137
92933
26510
42818
69338
99636
68028
10947
9609
14599
37254
83970
58575
49426
55578
27555
69459
65109
66553
34867
45663
65153
36258
40192
3497
33948
42301
51324
46673
5161
80380
96293
65744
27759
51306
29604
56752
79712
12902
99255
68594
7034
23976
88938
19777
23187
59619
69881
25182
67117
58604
55100
4117
52460
70419
69342
93812
9665
67781
23506
70082
93734
23614
16327
58515
40381
76771
54842
15658
19957
26801
31336
86950
95204
6947
32314
77354
28572
91594
1708
69506
83819
66593
89141
44050
91145
14635
81357
45051
11567
26077
88781
17622
58364
8092
64871
84145
97655
24644
42351
20158
96149
13468
95064
96404
30562
63018
46196
94090
43307
12585
1765
44691
24773
79361
65894
8566
51518
9001
90818
1746
2155
47882
67107
80485
9474
77852
90496
9791
83297
93213
95639
31034
68366
34675
82978
37497
95293
92030
2006
7518
37592
75269
60593
31331
36382
8853
26471
12978
25204
4507
93144
24532
20753
16082
51002
50944
6633
82859
72375
55031
57595
47222
20967
8875
48057
73161
54586
35993
70292
7261
20827
15896
47697
68795
88768
84949
4615
84370
66310
33470
71723
27300
30549
67513
94708
54168
62733
22854
19964
93718
19218
49182
26679
90871
71292
90023
57204
8222
12027
63385
53933
30533
84236
74861
6584
80089
75091
76574
43517
12232
9702
16593
69035
80054
53199
87381
52111
4751
46279
54996
43422
14721
43985
20906
82645
81774
4508
72313
25652
50925
61251
47568
64503
20013
1458
13314
25928
16120
44294
32770
12078
45789
92720
91357
91788
72930
37350
59374
28996
46482
48785
34130
72349
94203
47061
90353
92734
3307
67480
12838
30046
32388
44296
62479
67895
28486
81345
82228
95390
15149
59298
42192
9620
88356
68886
72856
73894
29263
98072
65084
47738
15701
38340
73380
82003
89291
14838
42046
12895
70337
9070
7089
81407
80001
97054
84745
15395
69140
14204
78511
35998
32180
5412
24308
56129
47138
55760
98063
14039
30350
98570
80505
13201
19438
97284
49957
42850
29074
25974
93728
96653
91154
89236
77463
69912
76781
78826
39873
11271
53175
57094
90527
13789
26645
66215
90152
97726
73131
44154
84314
55635
28476
3126
89253
92206
9763
18211
5614
40073
14018
67603
19724
22075
89818
36548
59811
49518
15385
7779
65467
46486
10230
22970
68115
99486
62059
75474
6054
38767
10481
12566
2531
49670
51630
62579
90904
54288
95186
16294
26032
36906
57642
85649
84009
20542
98448
62936
22540
29875
66951
43200
5077
94300
31760
99161
67078
25809
32025
34119
78132
8797
54157
14668
87858
66966
31109
83301
89638
34014
39170
9609
55508
12303
2413
96570
65065
65741
83092
56372
52063
83650
38963
33881
29573
24811
95921
12813
76324
5786
34198
27905
77907
86072
80993
95528
34697
59968
4303
66715
4116
96751
53253
38837
46999
16353
45299
41095
5075
26021
86891
40740
78183
84412
26235
8898
85704
61046
97871
35830
84090
60235
42075
54368
14973
56882
35789
34900
31770
62438
79009
26474
93232
72464
49312
99218
74260
50004
31294
14129
9895
91312
42939
54557
78718
32984
15674
25745
1850
46116
30115
2611
79581
4244
44578
86206
14860
98087
81214
75934
35892
12086
22446
75966
41884
91073
79281
40794
65086
10569
39519
47559
41005
77686
97557
70301
5697
17622
55563
52514
16671
33324
54237
68282
30973
75022
41378
97386
98340
23432
73952
78020
92709
63618
50090
87934
62020
67877
59574
20098
60902
49848
97954
77529
10207
86114
49520
3541
86211
68458
74014
4738
94859
4814
76852
64660
46907
85083
24944
87005
1440
21517
93684
43908
96639
54790
97237
78807
71690
21679
64945
91235
36946
92769
4830
65877
18330
86642
65467
59873
57633
23911
58315
72671
34949
45268
48296
4127
81430
24990
92830
94135
82644
85218
33252
2113
76126
87686
54441
78650
54800
49837
91848
61374
3941
25018
8095
36003
58821
28349
27892
25608
44556
84887
68286
66685
23013
52651
3748
41201
37395
4891
64977
82950
8924
20528
63550
36337
14599
71498
69907
18659
80005
11377
75707
42913
23996
24795
94550
8391
71821
57555
32926
60716
89637
28937
93613
52347
63417
8899
22011
27571
22408
92948
73527
71542
39458
46152
85754
47771
41725
12393
51154
37800
63748
40926
39711
1148
8355
23865
34134
84891
24319
20839
65786
68191
53401
81764
39514
49638
35451
55197
63660
51952
75038
16158
72211
58532
62234
19082
1931
12848
48193
22871
1935
25167
26405
24055
54139
97222
39355
92055
48874
95646
84285
92080
91088
76559
10904
19943
88058
64000
72707
55955
8100
15343
56039
99419
59459
3508
96448
39315
54209
49810
42744
6883
27560
61167
12743
56720
48818
40436
50035
92911
52356
75575
84281
96748
25190
63872
70213
14889
58340
86498
12409
17973
23272
56346
49623
4565
76042
35011
82578
11054
26753
46443
31890
47233
93626
23461
56753
82605
21584
79173
18773
71306
42317
62713
48108
83655
15002
32357
12497
65071
46615
37201
23727
67719
20693
40562
47369
2754
33331
93804
19000
74603
46029
86155
99491
27610
16216
19909
64455
89891
57993
90135
63689
78278
34724
5836
36489
67847
67947
9767
45565
36044
53159
59793
68388
31683
74697
41573
32032
90249
57587
90612
5258
86312
90585
54570
39083
67220
76612
1172
20071
54185
8536
22915
28360
25393
13873
8396
62534
70504
16542
78658
3587
32226
79567
61533
20749
67282
87127
81851
5320
43574
49412
18926
65946
26448
24809
85957
9048
21068
87505
59763
97365
77497
75139
74801
24876
99519
62066
52505
81525
70871
19908
99335
4453
47871
94287
60822
27398
49478
42730
74235
52645
51702
33923
50422
22423
34174
8797
64201
9884
85191
1934
73431
32399
55695
66115
19024
96507
41050
30844
79953
55988
80519
50093
67759
17093
6961
91280
12594
77517
66500
90894
30656
41487
49666
68543
11767
68118
93897
98113
44212
5830
85461
58533
43649
18069
6940
43911
44267
71329
96447
91307
59722
54860
13419
49315
36679
50052
83917
96523
89693
20857
41085
85937
61517
27462
69471
56835
24056
95332
34270
50278
77669
71816
11897
11688
48258
73256
70995
8241
77389
95767
30180
59999
89530
13952
11007
19597
36305
59019
63021
88197
72783
94790
61445
59211
48701
80952
3840
77141
73101
33468
90507
4167
63483
89589
60839
24493
47863
61242
56984
40540
27758
52755
13345
71387
63709
14944
86147
31181
33091
49800
7057
98673
71957
49095
2413
6826
31340
1126
18225
74915
57575
12301
69543
53935
25704
83047
85190
53257
55831
30790
87318
23747
28622
81032
13198
22178
17463
62903
10515
3050
72927
74661
23009
16997
13973
16190
77448
68412
35937
68481
24523
31455
4166
48222
86886
89061
57649
33558
76507
29816
46463
18006
40809
90856
30247
95218
89202
16138
94943
84066
36629
18603
22154
33604
33502
41167
67609
84846
2740
33381
54808
3934
92225
4039
1760
42635
2255
41449
50314
61508
36119
29622
28646
58863
99599
46521
13619
47255
90595
18611
24539
76151
71967
58998
18982
81067
63515
70530
42001
56090
95059
24407
63794
96898
13401
82951
61033
90840
78341
49004
28659
71203
56724
99135
48409
60300
75841
25693
32405
83253
18644
28303
80895
22905
28456
7463
85632
67454
39950
70620
26334
66774
31591
45557
86052
69888
36622
10635
96354
50883
64266
67369
54260
24949
59084
18340
71222
98657
14554
92893
68683
17106
56532
9639
58268
56021
66396
14105
88671
19119
38743
28800
60594
37423
80168
89875
17537
86880
86547
98293
60899
29031
65166
22374
73427
85156
18491
64658
43196
27898
35430
12432
97328
42843
93982
72526
54004
23513
57135
15155
26954
5405
51504
33054
63241
55344
10469
15016
6614
2762
85352
17916
87420
35514
39535
58387
98277
57372
50375
4865
45438
38245
54408
5807
90713
2592
61990
84359
64604
36280
73066
71993
13001
62872
27792
84859
74580
22583
56765
34484
98809
90584
92053
15794
56591
26395
94952
60520
72260
71089
98392
45799
37438
96050
91301
89670
68012
7567
30942
61189
78995
46459
59217
35583
22468
12653
2240
3325
10209
46109
6632
5483
44102
91793
95546
6871
27406
22818
8266
30502
22544
69693
68363
7619
20972
14058
15246
7202
41648
62335
1090
15942
52899
43364
70478
15166
42911
58729
73078
12224
13468
38469
93349
77728
61645
7561
64057
12687
67242
69729
77796
7421
34822
24304
31305
45161
34988
36352
79817
27658
78856
63570
92265
63723
98575
24094
62038
8583
76683
62736
64194
43592
41029
23281
70652
68355
67103
28602
63316
64651
83785
1480
85884
33156
41604
3114
14030
29925
69038
66305
93874
54593
4341
88034
78938
36610
57618
31515
10039
86761
39792
47328
53673
71959
35057
94832
42402
8661
69715
30303
69478
58610
65606
82312
46768
27127
34322
91179
71550
13313
75659
98340
76299
13854
30698
39309
47419
63542
85405
53236
91777
53443
29536
69947
46906
5962
28700
13272
22631
24516
96620
1131
94497
78790
33560
89625
76219
60790
95350
88228
45937
89833
32106
34482
88408
21505
7093
3952
21721
81872
62685
58043
45278
48251
58481
28939
44224
24522
70749
93222
14675
22209
88077
4524
29652
52206
9814
3858
66883
11861
90209
60463
79622
12974
1903
58444
36036
14898
65423
78977
12499
15955
52700
59510
58256
62120
62128
59523
50527
67142
56313
46387
16718
20453
36290
58510
5611
62308
4497
17089
76622
13734
56035
36534
1806
14256
21323
20252
81233
32612
14282
51938
98139
93611
80112
46799
78828
88014
82426
98870
23683
77278
82709
76174
7615
28823
20437
50305
16309
91133
1462
75246
89279
68316
7436
50942
93558
76411
44032
43286
32889
73497
97361
8804
35078
11381
13707
57577
35052
12771
75035
69742
53916
34908
57961
86175
80331
46022
46686
48017
23753
76523
76598
88513
59580
2183
33240
96191
28283
82603
14890
55102
25100
99579
25373
69739
72574
26661
9515
48481
19736
10949
29794
96961
32634
85157
92410
66003
93082
89600
15350
52434
53626
96527
93380
78132
85077
6412
72994
57111
31693
64293
21679
84094
92076
45351
85843
61185
72140
13881
66014
68688
53744
73182
47003
15888
11318
80101
40426
82991
93005
83237
27201
81620
63171
5291
44711
29235
77291
70229
24026
83046
70852
25372
4942
99715
81029
57330
55051
12690
66584
50656
53308
97298
35120
27618
85778
50978
25513
15824
53803
78140
52196
96948
96973
8049
47525
62339
44862
94036
65619
84784
19528
22632
74088
34091
14654
26492
84082
77234
7654
73088
99871
67487
97944
13828
24909
57494
94776
84460
60288
76789
63263
92762
35258
5560
95505
69561
1680
9597
17777
63063
47565
90211
71959
91370
92875
38949
20443
50250
19531
39982
69893
99962
57014
96825
87215
18102
91146
61346
88232
10727
29779
21286
59109
99993
9242
44142
58817
98625
29595
62983
23123
61141
96842
52691
7300
94200
98066
71440
44669
34452
66964
55840
95916
2465
27967
41488
57566
31578
97207
15316
7287
71598
10336
63450
1886
25578
33842
89704
42281
1905
24040
55865
13715
98797
81671
62910
86134
56309
63412
60160
32757
19998
60061
47617
85952
48951
59025
32330
30098
82528
76136
34296
47851
37790
1999
9746
30970
80250
81035
29833
69789
51030
69031
75985
10919
8870
39252
42349
27204
75713
46941
2452
11650
31074
96091
60128
46041
22395
42044
20632
22798
83004
50469
78936
4907
51721
31032
97523
14143
78244
97052
55188
93744
10973
30505
30003
61378
26595
13387
2537
22565
6771
11966
47509
93157
91364
63370
31703
64221
49380
34761
72413
26646
81613
68907
32568
90983
32365
69259
16583
1361
6484
45883
85412
17338
71553
7238
97949
19831
95992
20089
25271
95722
9266
91234
36804
34066
45697
9551
53240
65629
73313
47238
21101
48689
42987
95945
53504
20262
18294
25283
18599
56902
8002
36009
27687
2436
14744
93413
39458
27462
77475
26411
50966
44354
4844
85768
37502
49992
89879
81717
26266
42655
20631
21899
49502
36037
66968
38727
26254
34648
32149
33303
71846
16973
90544
47571
42910
45303
74528
25649
6399
82787
61330
34388
68173
63176
25232
59293
54170
78811
31331
68173
96976
92993
8117
73935
81936
51160
11429
93816
21710
13376
44953
21979
4296
42139
90674
37479
49794
21761
34511
99523
68653
30861
17541
56195
57541
96623
77089
75407
8844
9164
94025
12385
90274
11751
12584
46894
17916
3483
4075
39041
18974
34264
8682
57989
87486
15266
88492
19692
92760
29650
71378
96806
50292
43763
63299
40464
5480
33996
21579
94451
92387
55877
44362
50126
53518
93344
33322
58256
94519
32125
62982
73853
67314
16595
51339
23849
9945
30033
73551
3412
71172
55122
50602
82564
60067
67291
15188
92312
44447
79113
38088
64170
54821
89167
72180
95830
69725
28925
43199
1551
80023
13834
88434
46178
90441
80997
5709
20419
70891
96138
91218
90709
15698
42275
17494
97274
77955
17865
13176
49246
20959
80257
81299
34743
28310
58301
71906
78069
72126
92533
86313
18286
8298
54104
5064
93229
4589
39787
44592
97754
65066
51719
98236
39010
54778
88843
71650
78664
22096
20479
54083
84313
64247
10582
44119
9528
86322
47735
50808
95332
95054
47692
66328
17257
85343
27485
29897
29614
58941
72084
14083
97858
81804
54773
54953
71937
44656
15975
16076
17100
10507
51863
22475
84437
50252
92380
76870
75162
8174
28047
60976
8215
88391
34334
6837
58459
71352
11389
43516
34566
20820
35868
88903
57409
40710
94426
8692
24485
74247
58258
84386
7260
10156
25267
65766
64963
86632
17066
27023
61868
19627
20556
70742
28414
98874
22921
69859
9943
78979
50885
28140
90008
36270
87048
59435
86181
27729
93949
73925
69888
88479
72046
59860
51945
37500
54159
83067
72198
76809
83912
52623
38502
54399
24303
56099
71067
27468
64800
41116
2077
20985
2655
57208
19694
76929
84392
95305
87943
39116
55725
9342
13949
73337
34950
47230
60984
41710
52105
48493
46177
95880
69321
90997
32481
34429
78916
99170
45894
33971
54017
93514
79333
32672
98239
72066
59881
40181
49911
34395
75535
59982
24218
25386
35279
54759
93390
16255
17649
4847
55564
79017
35102
90645
45028
69438
85198
35803
16452
22195
69742
82742
30521
22967
50798
79381
10092
6690
16339
57113
20616
21260
77496
74011
1369
8196
75640
37795
61396
31270
77498
77300
29744
86615
82744
54725
73051
65462
67369
10269
25496
93261
45304
78081
77758
17046
29155
82143
11685
75387
14807
54756
97650
93461
95014
48378
75841
2288
14681
6088
34547
40045
18030
72804
35875
44988
24859
20445
69669
80653
36876
16697
1785
84150
96823
67320
27302
85947
7968
44443
81161
24359
88372
60826
51422
2081
84493
68822
60712
55670
45315
55905
37284
18597
77593
87056
78176
28211
93138
69569
64550
91767
8390
84814
71063
45797
8096
46689
77652
93596
25622
80855
52198
68569
38654
44859
5349
82813
40063
36260
84099
91782
28554
19206
69382
63900
46728
13561
3580
69411
11893
48383
48408
17884
5292
54295
52084
81369
33570
17225
75554
42411
76045
6169
25137
81467
59354
68481
6768
11692
69088
23151
92095
86082
84325
24261
66673
63373
83407
64682
54226
15081
37078
66276
19299
27377
70908
44556
28748
3506
19398
32427
26133
21378
25138
14711
55467
95667
91788
30469
16488
75983
83982
16710
33974
2016
98790
10686
79839
35893
81302
14094
56961
82705
10196
64236
36809
10349
28681
2057
38907
64674
15914
16963
73512
4817
59592
5011
82146
24033
33628
55802
96180
30490
35291
18014
78510
46864
21446
5384
11865
78035
57794
51927
92138
50863
82192
51805
31497
10920
14291
63196
56554
24125
90807
50386
74011
93205
91159
88673
35890
49365
12825
16687
20676
24718
63157
99962
14432
98849
99483
72835
72009
1406
50775
60584
90091
4187
44898
69191
91513
90636
21218
17908
29821
29023
66209
61582
48414
56849
51325
76770
38290
86613
53183
45566
81925
90385
68020
84823
56012
76687
87197
89054
31211
87557
33444
28991
93515
41103
4351
9865
7510
69427
22200
91281
54272
80402
40152
69363
85170
72209
67834
66398
89805
1778
74250
53314
77581
30782
5532
68025
79948
13602
47555
17375
82842
54046
36648
75721
64400
46117
88895
90667
17762
15689
71278
37461
99747
26328
16220
51871
90893
3223
18654
26339
94663
45414
70351
66673
26737
47516
28189
67655
47710
48581
92994
48705
71133
61103
63754
5514
14844
96116
33161
43066
79697
92071
86280
27825
25543
5196
63452
10707
5940
51790
17915
35939
85914
91330
12038
92011
8971
80430
51757
93325
43327
37928
4456
92805
68662
91158
94049
74271
16599
34386
55352
53000
59112
63851
76650
82505
16447
72472
32532
86219
76174
20469
91816
81106
19044
19104
14868
37866
36182
71712
1624
24676
56907
15794
97133
80142
56973
73837
60215
46374
79246
56857
81631
21482
38352
85617
77683
39076
13215
6567
48319
94941
84508
79236
12660
85359
34910
88387
70136
89505
71968
6732
24247
15910
22768
47795
23191
35949
13551
72822
78698
24386
24614
15999
99747
89977
13693
77366
33294
15862
19395
70250
69405
96374
46652
15822
17545
99369
68117
50526
74184
83553
26117
12734
16551
8104
81055
87574
18905
93655
93106
3250
42133
37350
28274
60232
47560
38609
22915
75705
93461
40559
31130
72556
45866
43009
93631
57245
47296
42591
2378
13410
85711
6919
64065
86778
45330
36430
94913
10873
93318
11582
1894
3961
1640
69238
93630
53024
81433
58518
83287
26925
59575
68553
59181
97045
7433
24142
58166
41360
42781
48175
27840
33122
19480
19920
81877
56743
8636
69588
95731
98316
26490
15323
20162
11698
96627
45101
32671
52291
69324
17142
68515
61537
94230
53373
30166
77431
30721
27909
97978
47115
62067
43508
20843
43900
80827
49328
70841
58148
46801
19145
39726
17568
15881
84637
74601
75437
94682
11285
2067
61007
64322
78343
39206
70207
63489
70132
22077
2493
18984
43031
64679
28618
66531
33637
78089
88883
13118
4379
10047
69384
72497
32764
69749
36822
29951
40900
37773
94136
96028
73603
10173
88648
4899
75200
10463
78234
97162
53467
24281
64044
23869
37155
49335
40549
55243
66965
92847
19948
92791
25322
5470
42342
42627
83203
75964
18151
42161
89286
76951
87292
76008
2623
48745
73594
75681
69480
42201
13870
91808
48845
86995
24202
42359
57493
20450
37333
30982
85700
95713
83480
40275
93400
98618
35130
1721
39885
81370
36065
79205
95981
23516
90682
79179
77464
10057
39751
84220
40789
31476
11545
15116
60860
14529
9047
47395
58580
18458
70310
11247
92386
31601
79843
43982
28845
38793
80779
23684
1571
30738
19211
22166
88167
69935
4048
51094
17447
39537
36453
35375
61938
90383
8763
44421
50310
75565
44018
49095
28386
72225
64654
39279
5157
57918
53839
83158
53001
43970
91769
89461
78966
52180
40230
39238
2001
66054
62916
23667
29114
91829
64077
63969
71748
60361
78761
10466
44807
82379
95234
22899
42437
90653
47958
53886
42107
81827
99599
30548
51888
6399
32838
76113
36953
66010
1469
45257
30257
18519
40133
9521
24536
43210
72563
85258
13597
94066
53297
47824
86200
60355
45617
99873
36062
63100
51282
26625
82292
78236
77118
75857
36731
8301
45662
7104
87219
65354
71035
48706
45731
85873
86656
1998
11147
87733
8595
71219
8876
91833
83351
29525
28111
51880
99421
51163
94202
81542
77862
76322
76796
32577
16683
67853
75121
56268
58190
65565
5704
84495
13645
73319
69279
5987
2989
39998
22245
35364
76232
80023
51422
57045
51655
50119
79383
14599
47717
33843
94878
26148
64665
53959
38317
18600
58662
12140
15736
88444
84820
72522
80428
94620
11960
37287
1017
15231
87961
50499
43881
55453
56740
22554
55595
3327
95308
44510
99645
47146
91739
85764
14219
89403
65841
95951
98100
85198
5703
28550
26937
61366
6563
27485
12724
88302
87087
46412
21091
84925
46979
4900
14942
73407
51322
74091
17558
33657
32778
59610
52514
17442
11244
81262
8012
37043
36661
18849
62850
95617
19745
9156
12124
8534
5604
57910
25299
39452
84608
98147
73865
26715
86329
61611
47760
94369
35634
1673
69716
22950
80594
86992
28022
89679
96486
46933
42562
7221
29517
32600
48232
95840
5169
31990
47953
11059
46436
24817
15230
61877
17285
65198
44271
1675
69010
37238
10242
53719
47960
15260
6157
46174
69456
92136
21968
50288
98524
51698
17093
14174
27226
37221
8410
87753
91257
89621
20043
70885
71371
81694
83668
2310
22857
22750
87831
99664
13936
52202
58928
8813
60752
14191
19211
45052
76349
41829
48356
84486
82787
15435
53655
4619
86930
50449
27749
24775
24475
39249
99433
56656
50730
88167
4150
24646
39790
58439
35295
88599
7307
24021
5930
5832
3718
97583
63559
37655
53319
7320
74893
41520
73575
15703
71108
56970
35395
83551
37823
24296
4873
37869
19628
11500
40923
64814
98006
63076
57203
38947
35228
21066
50055
52705
16566
18185
96355
85683
81418
40054
85555
31361
26218
54397
58551
10492
90553
38017
92046
54634
59596
11537
68877
7387
28506
14624
12954
68970
46050
66899
14742
74137
78990
94082
53423
89350
93621
6244
4840
60702
25652
19305
62316
2616
40032
21902
89751
84067
40777
99051
3647
95716
10786
78245
52653
30977
42725
95518
76833
30717
63628
72717
48432
21446
66394
91890
18783
19797
12160
94367
26351
90547
39050
60025
26610
26007
14682
78878
40493
62428
40234
27701
37696
90158
23023
78665
35070
65193
76212
88360
47044
61553
28155
62393
14884
10668
88666
48450
47800
81516
52741
25163
64140
49218
79252
20842
30851
61438
79557
78795
99054
40361
64953
27772
41248
81328
84224
50312
76009
68497
92253
44235
38313
54682
78201
75777
3889
6175
26482
41285
90990
34071
79556
92123
98574
13238
94644
92007
29444
26158
71914
12125
43394
47448
23971
38828
54846
28572
99945
64162
79725
84337
73518
99905
63216
71841
54188
42920
67920
17696
35098
27442
95330
85664
33037
62892
91018
97120
7960
85789
93184
5578
96832
92622
7499
59873
42064
56027
94857
60430
98277
97113
95059
94480
70517
83655
21456
88661
82281
20372
90112
77756
92541
12332
35503
11051
75119
84686
41139
7519
54491
82447
50405
43546
12479
36837
59786
29838
95501
71847
66374
65163
58300
83083
6825
16367
34291
6126
63287
83402
23832
49357
61025
75684
88807
49366
36403
70298
73291
14538
90793
6228
86771
30933
53139
71007
72095
57881
8815
76488
17376
28346
27581
16515
94945
68496
66832
33813
41737
34394
4824
48522
53232
45784
67381
43181
39607
70969
53138
30307
18090
4907
42828
69872
93117
93864
5698
86390
87637
30642
4565
79406
80569
74855
94886
56205
23874
34914
97953
54796
49715
61252
85374
54212
76711
75235
28687
87628
55491
76145
33578
37629
6873
65937
42642
81711
57183
52991
66918
81929
27354
81625
95587
70805
74419
90880
47738
38952
57751
74272
46806
31570
85974
31834
13566
58131
51107
8008
68162
17442
8974
30946
90113
1007
43567
18095
68858
37906
92314
17829
33731
45789
61173
96128
12839
68813
27146
42085
69648
45021
43290
82910
56248
40636
10913
18525
23430
53674
50892
2240
71776
2229
14756
24373
5347
59542
11722
64062
51120
30970
15142
68638
8709
42682
95537
46278
27030
35049
34707
79909
52220
61953
63648
91382
72231
28108
40175
7459
36603
65659
20229
66623
34870
79121
5229
58402
5501
20442
74005
60881
55822
3372
55366
20898
54087
26467
85865
47850
75811
24102
2079
31584
63223
56766
63406
69266
46066
24231
30981
67787
27098
96028
83272
23002
16318
34867
1028
21429
2440
69718
2073
51059
59789
20401
63041
18913
38103
58670
51965
20431
33691
47472
59131
22734
39131
65030
51450
92119
29855
57655
3961
30291
22934
75927
99156
1391
51109
16884
40129
97450
35426
71486
9646
38800
93598
67363
34013
57876
94570
88255
19922
90921
33933
69836
78890
19090
70991
40300
80660
22360
63066
22381
70402
2693
18270
13734
75717
26713
31503
67719
86763
47257
54726
46617
5910
32536
73729
69950
49514
62030
29380
70327
52253
93764
19560
55127
3951
45409
16032
38628
20515
82132
26612
70157
93660
68569
38748
5511
78470
38952
33965
23816
99293
57720
25647
56803
52580
51937
92758
49090
53997
98567
31801
94916
82691
12464
30646
2295
18718
68297
70088
19619
86027
30719
20695
47566
67222
50525
41441
89980
27105
8631
22757
52324
85244
90041
26091
64231
57159
65152
99250
40283
25521
5828
60245
63123
81129
95845
43315
93847
82235
58994
54797
55150
90367
81211
8815
67587
12192
44866
65024
98844
11643
34913
13093
63678
79610
54772
73881
83502
97672
41108
20055
42443
80310
21166
92899
58887
9521
86486
22644
73836
80338
34257
17315
77719
16813
24538
89857
45387
16388
34197
74107
63083
40786
53933
84665
92242
69965
86965
4956
69199
75807
86744
36045
18794
53565
62726
41904
79089
46870
66887
31840
50540
9502
21696
94121
18503
55917
94290
64532
45232
19241
39437
78011
17318
6067
52187
73356
57090
6287
62600
50857
52920
20703
31834
60696
95105
2603
89977
5364
59903
57966
30937
75401
96653
36818
1033
26849
39476
5055
1751
35164
30566
39229
93842
74938
62233
71713
62960
57524
25731
3650
43114
61220
4986
1075
83606
80127
12492
94205
65291
73056
78842
92802
60565
18690
47043
75931
23007
64172
81725
23436
93212
48868
21234
32003
21641
49653
33987
32860
45751
86929
94948
14444
65932
62800
47034
93084
12235
97363
74298
10108
92931
79313
75391
92640
17809
49676
66852
34057
68840
35578
90628
27292
60080
26763
50113
34953
86789
75505
61668
90483
87942
15984
60611
29911
91457
47573
22337
58718
61212
38852
49733
33502
85262
15895
12640
89878
50631
36659
92891
92241
55464
63338
84339
93245
44144
6954
63897
31755
83340
9743
34534
8937
17038
20850
99271
62443
64362
63306
67362
87607
4094
10647
15059
18819
34959
51146
38982
86879
59875
81059
10791
58668
8084
90383
65631
84846
27608
48746
69412
72621
25959
17148
27510
24147
39592
44975
90929
2065
68663
26070
11914
97397
39243
30255
72546
27025
49620
36304
93892
56829
63429
31092
58385
20128
45640
70235
90747
21966
30821
42291
89016
93741
41211
9570
77859
61930
66196
53094
50531
39344
48045
34730
95788
52554
26042
17883
21470
40418
20801
8471
24171
84100
48890
54629
49058
23291
40246
2885
86644
99919
27047
41731
24158
21455
94449
82263
21032
15015
72875
56037
96228
65240
54948
86973
73543
41173
23638
96400
72170
60286
25244
49367
26977
86360
47109
18799
52672
93214
28661
15627
37028
5898
24325
32755
29061
16199
11056
5968
26061
77690
5875
79391
14811
60035
83498
30350
88713
70376
22027
42175
3090
36196
44937
46729
84987
52360
28057
35170
35101
37803
28186
54697
95835
74007
14511
29683
66251
24455
20483
22410
71083
96136
24854
38182
40920
75396
78748
75185
86734
66896
55611
25716
75428
7685
56173
58917
99041
32366
45334
64088
53542
23967
31062
62532
65661
69685
25294
50299
7986
15464
3563
58555
79413
19565
25601
37713
38041
45835
45823
90135
86963
14502
76789
11533
72247
88274
66925
34039
26239
83332
71393
78081
15369
5444
66974
98679
19984
86084
60329
28421
79854
19826
27729
72984
64685
58409
98842
99947
34933
8164
76031
38917
59926
22796
29675
11609
82268
83774
41749
88571
17465
70559
30842
49558
65764
8036
96159
49290
39425
99520
66738
79828
14830
77355
99605
92502
36476
51684
36122
84004
38706
70146
93069
38463
95488
60077
86387
57148
52940
10819
70247
12282
65253
68612
82259
82558
52593
16318
46472
95999
71297
49553
66193
11675
79791
73964
60022
89517
41872
23098
36985
50136
37962
87007
87034
92380
77840
85870
95268
47324
26343
16318
17760
5843
79812
44563
72163
38603
56948
36362
88943
36902
94437
73905
68121
32742
81949
33756
83513
32842
69134
25094
60013
92753
56661
74717
31252
34603
3221
2714
99379
18233
24014
43311
61453
63263
49021
29533
34804
86364
57900
73340
89432
95426
21640
14866
52155
43940
12651
47958
38138
37036
1729
22222
71427
92479
53481
89530
56634
68485
35868
61290
70557
57968
36145
88914
27484
51640
47679
65627
39603
7179
54277
89048
98714
31452
20053
34204
10285
11115
58832
51071
38197
80990
80003
22964
68268
70525
38073
15091
15161
45535
42145
78705
93537
67725
41706
23321
84649
94490
64985
44255
5510
42863
5235
6567
73402
23983
62075
33061
45875
1488
37393
69851
48467
18213
70376
99793
61426
3108
69518
78179
44501
77087
84383
33448
6986
24195
42679
1751
64562
37949
5433
92620
61190
15591
38720
79619
26911
25148
44059
10779
32887
64406
45411
10493
44549
17532
1909
65453
97974
46976
34628
20118
63571
23031
47408
21894
12794
85531
40516
10584
25940
18877
43416
85898
90135
48133
58778
58062
16469
71782
78889
22166
51693
65693
61455
51389
67204
59626
61811
30572
61111
45279
4019
79696
53142
6422
17836
25125
48697
87666
95524
7382
48282
5827
25424
44770
51983
25327
66110
85701
98149
71771
51282
24906
5608
73126
37855
92133
16085
62710
43747
20144
81639
87349
93089
26994
53399
53323
2836
86434
69451
60554
33358
67463
77376
50014
83137
95665
67056
93508
42047
51442
13885
82864
56042
60371
90485
7203
90466
5628
98392
50555
97664
21953
28192
74359
99357
73263
61198
61662
38574
26695
43660
84907
20873
10786
21466
26461
47386
49753
88835
25043
10746
17205